1948   25.290   26.560   26.620   26.720   25.980   23.430   21.510   21.960   22.480   23.790   24.540   24.940
1949   25.760   26.570   27.070   26.880   26.490   24.580   23.310   22.690   23.460   24.150   25.010   25.180
1950   26.350   26.700   27.130   26.860   26.430   24.350   22.240   21.460   22.090   23.240   24.500   24.880
1951   25.530   25.890   26.340   26.420   25.560   24.190   23.660   22.870   23.660   24.120   24.860   25.640
1952   26.310   26.800   27.230   27.190   26.000   24.510   22.680   22.220   22.650   23.540   24.380   25.420
1953   25.520   26.670   27.200   27.190   26.220   24.140   22.640   21.900   22.780   24.090   24.670   25.180
1954   25.530   26.520   26.770   26.190   25.250   22.900   20.960   21.020   22.460   23.930   24.920   25.130
1955   25.740   26.210   27.220   27.100   26.320   24.060   22.360   21.750   22.840   24.120   25.290   24.960
1956   25.430   26.020   26.270   26.380   25.540   23.520   21.360   21.390   22.550   23.770   24.810   24.810
1957   25.510   26.350   27.190   27.110   26.320   24.680   22.680   22.060   22.390   23.400   24.720   25.600
1958   26.410   27.010   26.930   26.680   24.810   22.150   20.950   21.330   22.210   23.510   24.500   25.460
1959   26.270   27.060   27.710   27.520   26.340   24.210   22.960   22.430   23.390   24.110   25.110   25.520
1960   26.010   26.550   27.040   27.300   26.240   24.220   23.080   22.770   23.340   24.520   25.370   26.160
1961   26.270   26.830   27.470   27.410   26.610   23.810   22.460   21.270   22.930   24.080   25.060   25.650
1962   26.020   26.820   27.250   27.100   26.390   24.210   22.490   21.930   22.670   23.640   24.610   25.540
1963   26.290   26.640   27.210   27.560   26.820   25.250   24.130   23.490   23.820   24.450   25.150   25.840
1964   26.900   27.550   27.250   27.130   25.900   23.690   21.770   21.160   21.390   21.970   23.490   24.480
1965   25.420   26.250   27.230   27.090   26.210   23.800   21.910   21.670   22.410   22.900   24.130   24.550
1966   25.860   26.500   27.090   26.790   26.230   24.760   22.810   21.530   22.180   23.380   24.630   25.910
1967   26.470   27.410   27.650   27.470   26.270   24.040   22.230   22.090   22.820   23.250   24.200   25.190
1968   25.620   26.740   27.220   27.650   26.830   25.080   23.680   23.160   23.640   24.880   25.630   25.730
1969   26.630   27.760   28.250   28.050   26.890   24.190   22.570   22.450   22.710   23.710   24.690   25.250
1970   26.240   27.080   27.860   27.700   26.410   24.010   22.380   22.450   23.370   24.010   25.040   25.430
1971   26.010   26.970   27.840   27.530   26.950   24.590   22.460   22.450   23.040   23.580   24.140   24.500
1972   25.820   26.560   26.960   27.080   26.010   23.710   22.560   22.030   22.830   23.720   24.950   26.190
1973   26.770   27.870   27.980   27.710   26.790   25.030   23.700   23.440   23.690   24.450   25.020   25.420
1974   25.990   26.840   27.620   27.450   26.740   24.950   22.700   22.060   22.000   23.610   24.540   24.840
1975   25.700   26.820   27.290   27.280   26.700   24.680   22.940   22.010   22.680   23.470   24.500   24.800
1976   25.470   26.370   27.230   26.700   25.290   23.600   21.770   21.030   22.210   22.840   23.870   24.780
1977   25.330   25.930   27.230   27.350   26.170   24.020   22.560   22.560   23.400   23.910   24.830   25.220
1978   25.420   26.300   26.790   26.630   25.470   23.590   22.100   22.050   22.490   23.300   24.580   25.250
1979   26.550   26.810   27.160   27.130   26.270   24.420   23.030   22.820   23.720   24.210   25.370   25.520
1980   26.170   26.700   26.980   26.890   25.840   23.930   22.590   22.410   23.190   23.750   24.930   25.230
1981   25.410   26.240   27.060   27.180   25.950   24.390   22.590   22.180   23.100   24.600   25.180   25.420
1982   25.990   27.100   27.490   26.870   25.760   23.280   22.080   21.480   22.700   23.740   24.560   25.470
1983   25.670   26.560   27.020   23.020   24.300   22.860   21.360   22.240   22.710   22.820   22.660   25.400
1984   24.000   25.370   27.940   24.640   24.060   25.520   24.290   23.480   23.920   24.700   25.610   25.680
1985   26.000   26.780   27.310   27.060   26.360   24.270   23.440   23.130   23.250   24.750   25.550   25.840
1986   25.770   27.000   27.550   27.750   26.780   24.460   22.380   22.290   22.850   23.640   24.580   24.700
1987   25.590   26.480   27.460   27.910   26.470   24.860   24.110   23.770   23.440   24.280   25.940   26.170
1988   26.410   27.250   27.620   27.710   27.030   25.410   23.920   23.480   23.770   24.970   25.400   25.560
1989   25.780   26.340   26.840   27.070   26.190   24.600   23.160   23.060   23.670   24.520   25.230   25.420
1990   25.760   26.500   27.210   26.980   25.990   24.530   22.760   22.560   23.400   24.520   25.510   25.730
1991   26.350   26.860   27.350   26.860   26.510   25.160   23.340   22.460   22.900   23.580   24.570   25.360
1992   25.600   26.540   26.880   26.830   25.470   23.520   22.150   22.060   22.700   23.850   24.850   24.880
1993   25.160   25.320   26.130   26.360   25.440   23.390   22.640   22.190   23.120   24.810   25.410   26.250
1994   26.430   26.530   27.440   27.170   26.240   23.790   22.530   22.630   23.000   24.480   25.100   25.680
1995   26.080   26.380   27.760   27.910   27.230   25.350   24.250   23.340   23.590   24.330   25.600   25.780
1996   26.090   27.030   27.850   27.940   27.410   25.450   23.500   22.420   22.970   24.060   24.740   25.030
1997   25.560   26.320   27.440   26.810   25.940   23.480   22.470   22.460   23.120   24.760   25.960   26.440
1998   27.230   28.300   28.810   28.880   26.900   25.780   23.850   23.390   23.850   24.550   26.150   26.270
1999   26.690   27.290   28.270   27.990   27.240   25.820   24.230   23.540   23.340   24.290   25.410   25.790
2000   26.620   26.850   27.940   27.100   27.110   24.380   23.260   22.580   23.090   24.070   25.650   25.680
2001   26.170   26.440   27.600   27.380   26.810   24.600   22.610   22.330   22.790   23.990   24.960   25.960
2002   26.210   26.580   27.470   27.700   26.840   25.020   23.580   23.200   23.400   24.590   25.290   26.160
2003   26.460   27.490   27.930   27.320   26.170   24.410   24.040   23.310   23.850   24.830   25.890   26.270
2004   26.760   26.840   27.160   26.710   25.620   24.190   23.200   22.580   23.920   24.380   25.620   26.230
2005   26.580   27.750   27.900   27.310   25.840   23.700   22.790   22.880   23.430   24.270   25.770   26.240
2006   27.020   27.700   28.040   27.820   26.540   25.550   23.450   22.430   23.220   24.260   25.680   26.100
2007   25.920   26.980   27.580   28.060   27.140   25.040   23.530   23.520   23.890   24.080   25.810   26.330
2008   26.660   27.190   27.790   27.980   27.300   25.100   23.830   23.690   24.190   25.030   26.010   26.780
2009   26.860   27.870   28.490   28.130   27.330   24.950   23.190   23.110   23.530   24.560   25.470   26.510
2010   26.850   27.610   28.410   28.440   26.920   24.800   23.390   23.070   24.160   25.090   26.280   26.770
2011   26.770   27.520   28.060   28.250   26.810   24.570   24.120   22.870   24.050   25.280   25.980   25.580
2012   26.200   26.790   27.880   27.820   26.690   25.000   23.350   22.920   24.020   24.650   25.990   26.400
2013   27.120   27.740   28.040   27.910   27.020   24.550   22.760   22.710   22.970   24.420   25.580   26.040
2014   26.810   27.390   27.630   27.870   27.550   25.380   23.230   22.690   23.100   24.566   25.325   26.015
2015   26.371   27.223   27.889   27.921   27.074   24.356   23.144   22.940   23.315   24.640   25.827   26.161
2016   26.370   26.470   27.785   27.896   26.679   25.066   23.902   23.312   23.895   25.290   26.573   27.095
2017   26.955   27.252   28.256   27.899   26.640   25.186   22.564   22.927   23.642   25.196   25.517   26.208
2018   26.569   26.916   27.048   27.398   26.377   24.557   23.215   23.035   23.844   24.828   26.462   26.548
2019   26.761   27.385   27.653   28.580   27.215   24.601   23.348   23.140   23.907   25.249   26.586   26.783
2020   27.420   26.916   28.099   28.418   27.471   24.913   23.537   22.631   23.215   24.581   25.970   26.323
2021   27.123   26.829   27.683   27.934   26.983   25.483   23.891   23.873   24.543   25.298   26.710   26.521
